{
 "cells": [
  {
   "cell_type": "code",
   "execution_count": 1,
   "metadata": {
    "ExecuteTime": {
     "end_time": "2020-09-28T01:09:16.147844Z",
     "start_time": "2020-09-28T01:09:16.133882Z"
    }
   },
   "outputs": [],
   "source": [
    "#  import neccessary packages \n",
    "import warnings\n",
    "warnings.simplefilter(action='ignore', category=FutureWarning)"
   ]
  },
  {
   "cell_type": "code",
   "execution_count": 2,
   "metadata": {
    "ExecuteTime": {
     "end_time": "2020-09-28T01:09:26.832855Z",
     "start_time": "2020-09-28T01:09:24.512954Z"
    }
   },
   "outputs": [],
   "source": [
    "import numpy as np\n",
    "import pandas as pd\n",
    "import seaborn as sns\n",
    "import matplotlib.pyplot as plt\n",
    "%matplotlib inline\n",
    "sns.set(style='darkgrid')"
   ]
  },
  {
   "cell_type": "code",
   "execution_count": 4,
   "metadata": {
    "ExecuteTime": {
     "end_time": "2020-09-28T01:09:54.268296Z",
     "start_time": "2020-09-28T01:09:54.243356Z"
    }
   },
   "outputs": [],
   "source": [
    "# read the data\n",
    "boston = pd.read_csv(\"boston.csv\")"
   ]
  },
  {
   "cell_type": "code",
   "execution_count": 5,
   "metadata": {
    "ExecuteTime": {
     "end_time": "2020-09-28T01:09:56.247960Z",
     "start_time": "2020-09-28T01:09:56.201061Z"
    }
   },
   "outputs": [
    {
     "data": {
      "text/html": [
       "<div>\n",
       "<style scoped>\n",
       "    .dataframe tbody tr th:only-of-type {\n",
       "        vertical-align: middle;\n",
       "    }\n",
       "\n",
       "    .dataframe tbody tr th {\n",
       "        vertical-align: top;\n",
       "    }\n",
       "\n",
       "    .dataframe thead th {\n",
       "        text-align: right;\n",
       "    }\n",
       "</style>\n",
       "<table border=\"1\" class=\"dataframe\">\n",
       "  <thead>\n",
       "    <tr style=\"text-align: right;\">\n",
       "      <th></th>\n",
       "      <th>neighborhood</th>\n",
       "      <th>crim</th>\n",
       "      <th>zn</th>\n",
       "      <th>indus</th>\n",
       "      <th>chas</th>\n",
       "      <th>nox</th>\n",
       "      <th>rooms</th>\n",
       "      <th>age</th>\n",
       "      <th>dis</th>\n",
       "      <th>rad</th>\n",
       "      <th>tax</th>\n",
       "      <th>ptratio</th>\n",
       "      <th>lstat</th>\n",
       "      <th>mv</th>\n",
       "    </tr>\n",
       "  </thead>\n",
       "  <tbody>\n",
       "    <tr>\n",
       "      <th>0</th>\n",
       "      <td>Nahant</td>\n",
       "      <td>0.00632</td>\n",
       "      <td>18.0</td>\n",
       "      <td>2.31</td>\n",
       "      <td>0</td>\n",
       "      <td>0.538</td>\n",
       "      <td>6.575</td>\n",
       "      <td>65.2</td>\n",
       "      <td>4.0900</td>\n",
       "      <td>1</td>\n",
       "      <td>296</td>\n",
       "      <td>15.3</td>\n",
       "      <td>4.98</td>\n",
       "      <td>24.0</td>\n",
       "    </tr>\n",
       "    <tr>\n",
       "      <th>1</th>\n",
       "      <td>Swampscott</td>\n",
       "      <td>0.02731</td>\n",
       "      <td>0.0</td>\n",
       "      <td>7.07</td>\n",
       "      <td>0</td>\n",
       "      <td>0.469</td>\n",
       "      <td>6.421</td>\n",
       "      <td>78.9</td>\n",
       "      <td>4.9671</td>\n",
       "      <td>2</td>\n",
       "      <td>242</td>\n",
       "      <td>17.8</td>\n",
       "      <td>9.14</td>\n",
       "      <td>21.6</td>\n",
       "    </tr>\n",
       "    <tr>\n",
       "      <th>2</th>\n",
       "      <td>Swanpscott</td>\n",
       "      <td>0.02729</td>\n",
       "      <td>0.0</td>\n",
       "      <td>7.07</td>\n",
       "      <td>0</td>\n",
       "      <td>0.469</td>\n",
       "      <td>7.185</td>\n",
       "      <td>61.1</td>\n",
       "      <td>4.9671</td>\n",
       "      <td>2</td>\n",
       "      <td>242</td>\n",
       "      <td>17.8</td>\n",
       "      <td>4.03</td>\n",
       "      <td>34.7</td>\n",
       "    </tr>\n",
       "    <tr>\n",
       "      <th>3</th>\n",
       "      <td>Marblehead</td>\n",
       "      <td>0.03237</td>\n",
       "      <td>0.0</td>\n",
       "      <td>2.18</td>\n",
       "      <td>0</td>\n",
       "      <td>0.458</td>\n",
       "      <td>6.998</td>\n",
       "      <td>45.8</td>\n",
       "      <td>6.0622</td>\n",
       "      <td>3</td>\n",
       "      <td>222</td>\n",
       "      <td>18.7</td>\n",
       "      <td>2.94</td>\n",
       "      <td>33.4</td>\n",
       "    </tr>\n",
       "    <tr>\n",
       "      <th>4</th>\n",
       "      <td>Marblehead</td>\n",
       "      <td>0.06905</td>\n",
       "      <td>0.0</td>\n",
       "      <td>2.18</td>\n",
       "      <td>0</td>\n",
       "      <td>0.458</td>\n",
       "      <td>7.147</td>\n",
       "      <td>54.2</td>\n",
       "      <td>6.0622</td>\n",
       "      <td>3</td>\n",
       "      <td>222</td>\n",
       "      <td>18.7</td>\n",
       "      <td>5.33</td>\n",
       "      <td>36.2</td>\n",
       "    </tr>\n",
       "  </tbody>\n",
       "</table>\n",
       "</div>"
      ],
      "text/plain": [
       "  neighborhood     crim    zn  indus  chas    nox  rooms   age     dis  rad  \\\n",
       "0       Nahant  0.00632  18.0   2.31     0  0.538  6.575  65.2  4.0900    1   \n",
       "1   Swampscott  0.02731   0.0   7.07     0  0.469  6.421  78.9  4.9671    2   \n",
       "2   Swanpscott  0.02729   0.0   7.07     0  0.469  7.185  61.1  4.9671    2   \n",
       "3   Marblehead  0.03237   0.0   2.18     0  0.458  6.998  45.8  6.0622    3   \n",
       "4   Marblehead  0.06905   0.0   2.18     0  0.458  7.147  54.2  6.0622    3   \n",
       "\n",
       "   tax  ptratio  lstat    mv  \n",
       "0  296     15.3   4.98  24.0  \n",
       "1  242     17.8   9.14  21.6  \n",
       "2  242     17.8   4.03  34.7  \n",
       "3  222     18.7   2.94  33.4  \n",
       "4  222     18.7   5.33  36.2  "
      ]
     },
     "execution_count": 5,
     "metadata": {},
     "output_type": "execute_result"
    }
   ],
   "source": [
    "# preview of the data\n",
    "boston.head()"
   ]
  },
  {
   "cell_type": "code",
   "execution_count": 6,
   "metadata": {
    "ExecuteTime": {
     "end_time": "2020-09-28T01:09:57.307371Z",
     "start_time": "2020-09-28T01:09:57.277455Z"
    }
   },
   "outputs": [
    {
     "data": {
      "text/html": [
       "<div>\n",
       "<style scoped>\n",
       "    .dataframe tbody tr th:only-of-type {\n",
       "        vertical-align: middle;\n",
       "    }\n",
       "\n",
       "    .dataframe tbody tr th {\n",
       "        vertical-align: top;\n",
       "    }\n",
       "\n",
       "    .dataframe thead th {\n",
       "        text-align: right;\n",
       "    }\n",
       "</style>\n",
       "<table border=\"1\" class=\"dataframe\">\n",
       "  <thead>\n",
       "    <tr style=\"text-align: right;\">\n",
       "      <th></th>\n",
       "      <th>neighborhood</th>\n",
       "      <th>crim</th>\n",
       "      <th>zn</th>\n",
       "      <th>indus</th>\n",
       "      <th>chas</th>\n",
       "      <th>nox</th>\n",
       "      <th>rooms</th>\n",
       "      <th>age</th>\n",
       "      <th>dis</th>\n",
       "      <th>rad</th>\n",
       "      <th>tax</th>\n",
       "      <th>ptratio</th>\n",
       "      <th>lstat</th>\n",
       "      <th>mv</th>\n",
       "    </tr>\n",
       "  </thead>\n",
       "  <tbody>\n",
       "    <tr>\n",
       "      <th>501</th>\n",
       "      <td>Winthrop</td>\n",
       "      <td>0.06263</td>\n",
       "      <td>0.0</td>\n",
       "      <td>11.93</td>\n",
       "      <td>0</td>\n",
       "      <td>0.573</td>\n",
       "      <td>6.593</td>\n",
       "      <td>69.1</td>\n",
       "      <td>2.4786</td>\n",
       "      <td>1</td>\n",
       "      <td>273</td>\n",
       "      <td>21.0</td>\n",
       "      <td>9.67</td>\n",
       "      <td>22.4</td>\n",
       "    </tr>\n",
       "    <tr>\n",
       "      <th>502</th>\n",
       "      <td>Winthrop</td>\n",
       "      <td>0.04527</td>\n",
       "      <td>0.0</td>\n",
       "      <td>11.93</td>\n",
       "      <td>0</td>\n",
       "      <td>0.573</td>\n",
       "      <td>6.120</td>\n",
       "      <td>76.7</td>\n",
       "      <td>2.2875</td>\n",
       "      <td>1</td>\n",
       "      <td>273</td>\n",
       "      <td>21.0</td>\n",
       "      <td>9.08</td>\n",
       "      <td>20.6</td>\n",
       "    </tr>\n",
       "    <tr>\n",
       "      <th>503</th>\n",
       "      <td>Winthrop</td>\n",
       "      <td>0.06076</td>\n",
       "      <td>0.0</td>\n",
       "      <td>11.93</td>\n",
       "      <td>0</td>\n",
       "      <td>0.573</td>\n",
       "      <td>6.976</td>\n",
       "      <td>91.0</td>\n",
       "      <td>2.1675</td>\n",
       "      <td>1</td>\n",
       "      <td>273</td>\n",
       "      <td>21.0</td>\n",
       "      <td>5.64</td>\n",
       "      <td>23.9</td>\n",
       "    </tr>\n",
       "    <tr>\n",
       "      <th>504</th>\n",
       "      <td>Winthrop</td>\n",
       "      <td>0.10959</td>\n",
       "      <td>0.0</td>\n",
       "      <td>11.93</td>\n",
       "      <td>0</td>\n",
       "      <td>0.573</td>\n",
       "      <td>6.794</td>\n",
       "      <td>89.3</td>\n",
       "      <td>2.3889</td>\n",
       "      <td>1</td>\n",
       "      <td>273</td>\n",
       "      <td>21.0</td>\n",
       "      <td>6.48</td>\n",
       "      <td>22.0</td>\n",
       "    </tr>\n",
       "    <tr>\n",
       "      <th>505</th>\n",
       "      <td>Winthrop</td>\n",
       "      <td>0.04741</td>\n",
       "      <td>0.0</td>\n",
       "      <td>11.93</td>\n",
       "      <td>0</td>\n",
       "      <td>0.573</td>\n",
       "      <td>6.030</td>\n",
       "      <td>80.8</td>\n",
       "      <td>2.5050</td>\n",
       "      <td>1</td>\n",
       "      <td>273</td>\n",
       "      <td>21.0</td>\n",
       "      <td>7.88</td>\n",
       "      <td>19.0</td>\n",
       "    </tr>\n",
       "  </tbody>\n",
       "</table>\n",
       "</div>"
      ],
      "text/plain": [
       "    neighborhood     crim   zn  indus  chas    nox  rooms   age     dis  rad  \\\n",
       "501     Winthrop  0.06263  0.0  11.93     0  0.573  6.593  69.1  2.4786    1   \n",
       "502     Winthrop  0.04527  0.0  11.93     0  0.573  6.120  76.7  2.2875    1   \n",
       "503     Winthrop  0.06076  0.0  11.93     0  0.573  6.976  91.0  2.1675    1   \n",
       "504     Winthrop  0.10959  0.0  11.93     0  0.573  6.794  89.3  2.3889    1   \n",
       "505     Winthrop  0.04741  0.0  11.93     0  0.573  6.030  80.8  2.5050    1   \n",
       "\n",
       "     tax  ptratio  lstat    mv  \n",
       "501  273     21.0   9.67  22.4  \n",
       "502  273     21.0   9.08  20.6  \n",
       "503  273     21.0   5.64  23.9  \n",
       "504  273     21.0   6.48  22.0  \n",
       "505  273     21.0   7.88  19.0  "
      ]
     },
     "execution_count": 6,
     "metadata": {},
     "output_type": "execute_result"
    }
   ],
   "source": [
    "boston.tail()"
   ]
  },
  {
   "cell_type": "code",
   "execution_count": 7,
   "metadata": {
    "ExecuteTime": {
     "end_time": "2020-09-28T01:09:59.218736Z",
     "start_time": "2020-09-28T01:09:59.179812Z"
    }
   },
   "outputs": [
    {
     "name": "stdout",
     "output_type": "stream",
     "text": [
      "<class 'pandas.core.frame.DataFrame'>\n",
      "RangeIndex: 506 entries, 0 to 505\n",
      "Data columns (total 14 columns):\n",
      " #   Column        Non-Null Count  Dtype  \n",
      "---  ------        --------------  -----  \n",
      " 0   neighborhood  506 non-null    object \n",
      " 1   crim          506 non-null    float64\n",
      " 2   zn            506 non-null    float64\n",
      " 3   indus         506 non-null    float64\n",
      " 4   chas          506 non-null    int64  \n",
      " 5   nox           506 non-null    float64\n",
      " 6   rooms         506 non-null    float64\n",
      " 7   age           506 non-null    float64\n",
      " 8   dis           506 non-null    float64\n",
      " 9   rad           506 non-null    int64  \n",
      " 10  tax           506 non-null    int64  \n",
      " 11  ptratio       506 non-null    float64\n",
      " 12  lstat         506 non-null    float64\n",
      " 13  mv            506 non-null    float64\n",
      "dtypes: float64(10), int64(3), object(1)\n",
      "memory usage: 55.5+ KB\n"
     ]
    }
   ],
   "source": [
    "boston.info() # investigate null values, if any"
   ]
  },
  {
   "cell_type": "markdown",
   "metadata": {},
   "source": [
    "**Variable Description**\\\n",
    "neighborhood &nbsp; &nbsp; &nbsp;  Name of the Boston neighborhood\\\n",
    "mv &nbsp; &nbsp; &nbsp; Median value of homes in thousands of 1970 dollars\\\n",
    "nox  &nbsp; &nbsp; &nbsp;                   Air pollution\\\n",
    "crim  &nbsp; &nbsp; &nbsp;                  Crime rate\\\n",
    "zn   &nbsp; &nbsp; &nbsp;                   Percent of land zoned for lots\\\n",
    "indus  &nbsp; &nbsp; &nbsp;                 Percent of business that is industrial or nonretail\\\n",
    "chas   &nbsp; &nbsp; &nbsp;                 On the Charles River (1) or not (0)\\\n",
    "rooms  &nbsp; &nbsp; &nbsp;                 Average number of rooms per home\\\n",
    "age    &nbsp; &nbsp; &nbsp;                 Percentage of homes built before 1940\\\n",
    "dis   &nbsp; &nbsp; &nbsp;                  Weighted distance to employment centers\\\n",
    "rad   &nbsp; &nbsp; &nbsp;                  Accessibility to radial highways\\\n",
    "tax   &nbsp; &nbsp; &nbsp;                  Tax rate\\\n",
    "ptratio   &nbsp; &nbsp; &nbsp;              Pupil/teach ratio in public schools\\\n",
    "lstat     &nbsp; &nbsp; &nbsp;              Percentage of population of lower socio-economic status\\"
   ]
  },
  {
   "cell_type": "markdown",
   "metadata": {},
   "source": [
    "**There are no non-null values. There is one object parameter i.e., Neighborhood that is not required in the current assessment and will be dropped. There are 3 parameters i.e., ‘chas’, ‘rad’, ‘ tax’ that have integer values. ‘chas’ and ‘rad’ are measures indicative of geographical position of the properties w.r.t. to the river & radial highway and its proximity is expected to play an important role in the value of the house. The 3rd integer value of ‘tax’ represents the tax rate a property is likely to incur and also expected to play a dominant role in determining the property price.**"
   ]
  },
  {
   "cell_type": "code",
   "execution_count": 8,
   "metadata": {
    "ExecuteTime": {
     "end_time": "2020-09-28T01:12:20.363577Z",
     "start_time": "2020-09-28T01:12:20.353290Z"
    }
   },
   "outputs": [],
   "source": [
    "# drop neighborhood variable \n",
    "boston = boston.drop(['neighborhood'],axis= 1)"
   ]
  },
  {
   "cell_type": "code",
   "execution_count": 9,
   "metadata": {
    "ExecuteTime": {
     "end_time": "2020-09-28T01:12:21.409616Z",
     "start_time": "2020-09-28T01:12:21.386651Z"
    }
   },
   "outputs": [
    {
     "data": {
      "text/html": [
       "<div>\n",
       "<style scoped>\n",
       "    .dataframe tbody tr th:only-of-type {\n",
       "        vertical-align: middle;\n",
       "    }\n",
       "\n",
       "    .dataframe tbody tr th {\n",
       "        vertical-align: top;\n",
       "    }\n",
       "\n",
       "    .dataframe thead th {\n",
       "        text-align: right;\n",
       "    }\n",
       "</style>\n",
       "<table border=\"1\" class=\"dataframe\">\n",
       "  <thead>\n",
       "    <tr style=\"text-align: right;\">\n",
       "      <th></th>\n",
       "      <th>crim</th>\n",
       "      <th>zn</th>\n",
       "      <th>indus</th>\n",
       "      <th>chas</th>\n",
       "      <th>nox</th>\n",
       "      <th>rooms</th>\n",
       "      <th>age</th>\n",
       "      <th>dis</th>\n",
       "      <th>rad</th>\n",
       "      <th>tax</th>\n",
       "      <th>ptratio</th>\n",
       "      <th>lstat</th>\n",
       "      <th>mv</th>\n",
       "    </tr>\n",
       "  </thead>\n",
       "  <tbody>\n",
       "    <tr>\n",
       "      <th>0</th>\n",
       "      <td>0.00632</td>\n",
       "      <td>18.0</td>\n",
       "      <td>2.31</td>\n",
       "      <td>0</td>\n",
       "      <td>0.538</td>\n",
       "      <td>6.575</td>\n",
       "      <td>65.2</td>\n",
       "      <td>4.0900</td>\n",
       "      <td>1</td>\n",
       "      <td>296</td>\n",
       "      <td>15.3</td>\n",
       "      <td>4.98</td>\n",
       "      <td>24.0</td>\n",
       "    </tr>\n",
       "    <tr>\n",
       "      <th>1</th>\n",
       "      <td>0.02731</td>\n",
       "      <td>0.0</td>\n",
       "      <td>7.07</td>\n",
       "      <td>0</td>\n",
       "      <td>0.469</td>\n",
       "      <td>6.421</td>\n",
       "      <td>78.9</td>\n",
       "      <td>4.9671</td>\n",
       "      <td>2</td>\n",
       "      <td>242</td>\n",
       "      <td>17.8</td>\n",
       "      <td>9.14</td>\n",
       "      <td>21.6</td>\n",
       "    </tr>\n",
       "    <tr>\n",
       "      <th>2</th>\n",
       "      <td>0.02729</td>\n",
       "      <td>0.0</td>\n",
       "      <td>7.07</td>\n",
       "      <td>0</td>\n",
       "      <td>0.469</td>\n",
       "      <td>7.185</td>\n",
       "      <td>61.1</td>\n",
       "      <td>4.9671</td>\n",
       "      <td>2</td>\n",
       "      <td>242</td>\n",
       "      <td>17.8</td>\n",
       "      <td>4.03</td>\n",
       "      <td>34.7</td>\n",
       "    </tr>\n",
       "    <tr>\n",
       "      <th>3</th>\n",
       "      <td>0.03237</td>\n",
       "      <td>0.0</td>\n",
       "      <td>2.18</td>\n",
       "      <td>0</td>\n",
       "      <td>0.458</td>\n",
       "      <td>6.998</td>\n",
       "      <td>45.8</td>\n",
       "      <td>6.0622</td>\n",
       "      <td>3</td>\n",
       "      <td>222</td>\n",
       "      <td>18.7</td>\n",
       "      <td>2.94</td>\n",
       "      <td>33.4</td>\n",
       "    </tr>\n",
       "    <tr>\n",
       "      <th>4</th>\n",
       "      <td>0.06905</td>\n",
       "      <td>0.0</td>\n",
       "      <td>2.18</td>\n",
       "      <td>0</td>\n",
       "      <td>0.458</td>\n",
       "      <td>7.147</td>\n",
       "      <td>54.2</td>\n",
       "      <td>6.0622</td>\n",
       "      <td>3</td>\n",
       "      <td>222</td>\n",
       "      <td>18.7</td>\n",
       "      <td>5.33</td>\n",
       "      <td>36.2</td>\n",
       "    </tr>\n",
       "  </tbody>\n",
       "</table>\n",
       "</div>"
      ],
      "text/plain": [
       "      crim    zn  indus  chas    nox  rooms   age     dis  rad  tax  ptratio  \\\n",
       "0  0.00632  18.0   2.31     0  0.538  6.575  65.2  4.0900    1  296     15.3   \n",
       "1  0.02731   0.0   7.07     0  0.469  6.421  78.9  4.9671    2  242     17.8   \n",
       "2  0.02729   0.0   7.07     0  0.469  7.185  61.1  4.9671    2  242     17.8   \n",
       "3  0.03237   0.0   2.18     0  0.458  6.998  45.8  6.0622    3  222     18.7   \n",
       "4  0.06905   0.0   2.18     0  0.458  7.147  54.2  6.0622    3  222     18.7   \n",
       "\n",
       "   lstat    mv  \n",
       "0   4.98  24.0  \n",
       "1   9.14  21.6  \n",
       "2   4.03  34.7  \n",
       "3   2.94  33.4  \n",
       "4   5.33  36.2  "
      ]
     },
     "execution_count": 9,
     "metadata": {},
     "output_type": "execute_result"
    }
   ],
   "source": [
    "boston.head()"
   ]
  },
  {
   "cell_type": "code",
   "execution_count": 10,
   "metadata": {
    "ExecuteTime": {
     "end_time": "2020-09-28T01:12:35.690051Z",
     "start_time": "2020-09-28T01:12:35.073878Z"
    }
   },
   "outputs": [],
   "source": [
    "# Let's create a test and train set\n",
    "from sklearn.model_selection import train_test_split\n",
    "train_set, test_set = train_test_split(boston, test_size=0.2, random_state = 42)"
   ]
  },
  {
   "cell_type": "code",
   "execution_count": 11,
   "metadata": {
    "ExecuteTime": {
     "end_time": "2020-09-28T01:12:36.748230Z",
     "start_time": "2020-09-28T01:12:36.699365Z"
    }
   },
   "outputs": [
    {
     "data": {
      "text/html": [
       "<div>\n",
       "<style scoped>\n",
       "    .dataframe tbody tr th:only-of-type {\n",
       "        vertical-align: middle;\n",
       "    }\n",
       "\n",
       "    .dataframe tbody tr th {\n",
       "        vertical-align: top;\n",
       "    }\n",
       "\n",
       "    .dataframe thead th {\n",
       "        text-align: right;\n",
       "    }\n",
       "</style>\n",
       "<table border=\"1\" class=\"dataframe\">\n",
       "  <thead>\n",
       "    <tr style=\"text-align: right;\">\n",
       "      <th></th>\n",
       "      <th>crim</th>\n",
       "      <th>zn</th>\n",
       "      <th>indus</th>\n",
       "      <th>chas</th>\n",
       "      <th>nox</th>\n",
       "      <th>rooms</th>\n",
       "      <th>age</th>\n",
       "      <th>dis</th>\n",
       "      <th>rad</th>\n",
       "      <th>tax</th>\n",
       "      <th>ptratio</th>\n",
       "      <th>lstat</th>\n",
       "      <th>mv</th>\n",
       "    </tr>\n",
       "  </thead>\n",
       "  <tbody>\n",
       "    <tr>\n",
       "      <th>crim</th>\n",
       "      <td>1.000000</td>\n",
       "      <td>-0.198855</td>\n",
       "      <td>0.400198</td>\n",
       "      <td>-0.044589</td>\n",
       "      <td>0.396406</td>\n",
       "      <td>-0.200303</td>\n",
       "      <td>0.334090</td>\n",
       "      <td>-0.366487</td>\n",
       "      <td>0.615947</td>\n",
       "      <td>0.576894</td>\n",
       "      <td>0.288970</td>\n",
       "      <td>0.414142</td>\n",
       "      <td>-0.381589</td>\n",
       "    </tr>\n",
       "    <tr>\n",
       "      <th>zn</th>\n",
       "      <td>-0.198855</td>\n",
       "      <td>1.000000</td>\n",
       "      <td>-0.533489</td>\n",
       "      <td>-0.043754</td>\n",
       "      <td>-0.526414</td>\n",
       "      <td>0.274661</td>\n",
       "      <td>-0.575078</td>\n",
       "      <td>0.681817</td>\n",
       "      <td>-0.313790</td>\n",
       "      <td>-0.294267</td>\n",
       "      <td>-0.389163</td>\n",
       "      <td>-0.396572</td>\n",
       "      <td>0.309001</td>\n",
       "    </tr>\n",
       "    <tr>\n",
       "      <th>indus</th>\n",
       "      <td>0.400198</td>\n",
       "      <td>-0.533489</td>\n",
       "      <td>1.000000</td>\n",
       "      <td>0.095158</td>\n",
       "      <td>0.770957</td>\n",
       "      <td>-0.398690</td>\n",
       "      <td>0.636569</td>\n",
       "      <td>-0.707566</td>\n",
       "      <td>0.588952</td>\n",
       "      <td>0.702353</td>\n",
       "      <td>0.348303</td>\n",
       "      <td>0.603644</td>\n",
       "      <td>-0.471009</td>\n",
       "    </tr>\n",
       "    <tr>\n",
       "      <th>chas</th>\n",
       "      <td>-0.044589</td>\n",
       "      <td>-0.043754</td>\n",
       "      <td>0.095158</td>\n",
       "      <td>1.000000</td>\n",
       "      <td>0.135476</td>\n",
       "      <td>0.111272</td>\n",
       "      <td>0.096016</td>\n",
       "      <td>-0.121671</td>\n",
       "      <td>0.028685</td>\n",
       "      <td>0.007746</td>\n",
       "      <td>-0.113003</td>\n",
       "      <td>-0.070652</td>\n",
       "      <td>0.191005</td>\n",
       "    </tr>\n",
       "    <tr>\n",
       "      <th>nox</th>\n",
       "      <td>0.396406</td>\n",
       "      <td>-0.526414</td>\n",
       "      <td>0.770957</td>\n",
       "      <td>0.135476</td>\n",
       "      <td>1.000000</td>\n",
       "      <td>-0.299615</td>\n",
       "      <td>0.720417</td>\n",
       "      <td>-0.772330</td>\n",
       "      <td>0.589061</td>\n",
       "      <td>0.650247</td>\n",
       "      <td>0.161253</td>\n",
       "      <td>0.593862</td>\n",
       "      <td>-0.416781</td>\n",
       "    </tr>\n",
       "    <tr>\n",
       "      <th>rooms</th>\n",
       "      <td>-0.200303</td>\n",
       "      <td>0.274661</td>\n",
       "      <td>-0.398690</td>\n",
       "      <td>0.111272</td>\n",
       "      <td>-0.299615</td>\n",
       "      <td>1.000000</td>\n",
       "      <td>-0.210863</td>\n",
       "      <td>0.198299</td>\n",
       "      <td>-0.199738</td>\n",
       "      <td>-0.281127</td>\n",
       "      <td>-0.342643</td>\n",
       "      <td>-0.612577</td>\n",
       "      <td>0.712355</td>\n",
       "    </tr>\n",
       "    <tr>\n",
       "      <th>age</th>\n",
       "      <td>0.334090</td>\n",
       "      <td>-0.575078</td>\n",
       "      <td>0.636569</td>\n",
       "      <td>0.096016</td>\n",
       "      <td>0.720417</td>\n",
       "      <td>-0.210863</td>\n",
       "      <td>1.000000</td>\n",
       "      <td>-0.756589</td>\n",
       "      <td>0.430321</td>\n",
       "      <td>0.471670</td>\n",
       "      <td>0.240841</td>\n",
       "      <td>0.571051</td>\n",
       "      <td>-0.340479</td>\n",
       "    </tr>\n",
       "    <tr>\n",
       "      <th>dis</th>\n",
       "      <td>-0.366487</td>\n",
       "      <td>0.681817</td>\n",
       "      <td>-0.707566</td>\n",
       "      <td>-0.121671</td>\n",
       "      <td>-0.772330</td>\n",
       "      <td>0.198299</td>\n",
       "      <td>-0.756589</td>\n",
       "      <td>1.000000</td>\n",
       "      <td>-0.483329</td>\n",
       "      <td>-0.523577</td>\n",
       "      <td>-0.217588</td>\n",
       "      <td>-0.494921</td>\n",
       "      <td>0.233617</td>\n",
       "    </tr>\n",
       "    <tr>\n",
       "      <th>rad</th>\n",
       "      <td>0.615947</td>\n",
       "      <td>-0.313790</td>\n",
       "      <td>0.588952</td>\n",
       "      <td>0.028685</td>\n",
       "      <td>0.589061</td>\n",
       "      <td>-0.199738</td>\n",
       "      <td>0.430321</td>\n",
       "      <td>-0.483329</td>\n",
       "      <td>1.000000</td>\n",
       "      <td>0.912527</td>\n",
       "      <td>0.472257</td>\n",
       "      <td>0.480301</td>\n",
       "      <td>-0.389827</td>\n",
       "    </tr>\n",
       "    <tr>\n",
       "      <th>tax</th>\n",
       "      <td>0.576894</td>\n",
       "      <td>-0.294267</td>\n",
       "      <td>0.702353</td>\n",
       "      <td>0.007746</td>\n",
       "      <td>0.650247</td>\n",
       "      <td>-0.281127</td>\n",
       "      <td>0.471670</td>\n",
       "      <td>-0.523577</td>\n",
       "      <td>0.912527</td>\n",
       "      <td>1.000000</td>\n",
       "      <td>0.444836</td>\n",
       "      <td>0.530632</td>\n",
       "      <td>-0.462698</td>\n",
       "    </tr>\n",
       "    <tr>\n",
       "      <th>ptratio</th>\n",
       "      <td>0.288970</td>\n",
       "      <td>-0.389163</td>\n",
       "      <td>0.348303</td>\n",
       "      <td>-0.113003</td>\n",
       "      <td>0.161253</td>\n",
       "      <td>-0.342643</td>\n",
       "      <td>0.240841</td>\n",
       "      <td>-0.217588</td>\n",
       "      <td>0.472257</td>\n",
       "      <td>0.444836</td>\n",
       "      <td>1.000000</td>\n",
       "      <td>0.360167</td>\n",
       "      <td>-0.488105</td>\n",
       "    </tr>\n",
       "    <tr>\n",
       "      <th>lstat</th>\n",
       "      <td>0.414142</td>\n",
       "      <td>-0.396572</td>\n",
       "      <td>0.603644</td>\n",
       "      <td>-0.070652</td>\n",
       "      <td>0.593862</td>\n",
       "      <td>-0.612577</td>\n",
       "      <td>0.571051</td>\n",
       "      <td>-0.494921</td>\n",
       "      <td>0.480301</td>\n",
       "      <td>0.530632</td>\n",
       "      <td>0.360167</td>\n",
       "      <td>1.000000</td>\n",
       "      <td>-0.740217</td>\n",
       "    </tr>\n",
       "    <tr>\n",
       "      <th>mv</th>\n",
       "      <td>-0.381589</td>\n",
       "      <td>0.309001</td>\n",
       "      <td>-0.471009</td>\n",
       "      <td>0.191005</td>\n",
       "      <td>-0.416781</td>\n",
       "      <td>0.712355</td>\n",
       "      <td>-0.340479</td>\n",
       "      <td>0.233617</td>\n",
       "      <td>-0.389827</td>\n",
       "      <td>-0.462698</td>\n",
       "      <td>-0.488105</td>\n",
       "      <td>-0.740217</td>\n",
       "      <td>1.000000</td>\n",
       "    </tr>\n",
       "  </tbody>\n",
       "</table>\n",
       "</div>"
      ],
      "text/plain": [
       "             crim        zn     indus      chas       nox     rooms       age  \\\n",
       "crim     1.000000 -0.198855  0.400198 -0.044589  0.396406 -0.200303  0.334090   \n",
       "zn      -0.198855  1.000000 -0.533489 -0.043754 -0.526414  0.274661 -0.575078   \n",
       "indus    0.400198 -0.533489  1.000000  0.095158  0.770957 -0.398690  0.636569   \n",
       "chas    -0.044589 -0.043754  0.095158  1.000000  0.135476  0.111272  0.096016   \n",
       "nox      0.396406 -0.526414  0.770957  0.135476  1.000000 -0.299615  0.720417   \n",
       "rooms   -0.200303  0.274661 -0.398690  0.111272 -0.299615  1.000000 -0.210863   \n",
       "age      0.334090 -0.575078  0.636569  0.096016  0.720417 -0.210863  1.000000   \n",
       "dis     -0.366487  0.681817 -0.707566 -0.121671 -0.772330  0.198299 -0.756589   \n",
       "rad      0.615947 -0.313790  0.588952  0.028685  0.589061 -0.199738  0.430321   \n",
       "tax      0.576894 -0.294267  0.702353  0.007746  0.650247 -0.281127  0.471670   \n",
       "ptratio  0.288970 -0.389163  0.348303 -0.113003  0.161253 -0.342643  0.240841   \n",
       "lstat    0.414142 -0.396572  0.603644 -0.070652  0.593862 -0.612577  0.571051   \n",
       "mv      -0.381589  0.309001 -0.471009  0.191005 -0.416781  0.712355 -0.340479   \n",
       "\n",
       "              dis       rad       tax   ptratio     lstat        mv  \n",
       "crim    -0.366487  0.615947  0.576894  0.288970  0.414142 -0.381589  \n",
       "zn       0.681817 -0.313790 -0.294267 -0.389163 -0.396572  0.309001  \n",
       "indus   -0.707566  0.588952  0.702353  0.348303  0.603644 -0.471009  \n",
       "chas    -0.121671  0.028685  0.007746 -0.113003 -0.070652  0.191005  \n",
       "nox     -0.772330  0.589061  0.650247  0.161253  0.593862 -0.416781  \n",
       "rooms    0.198299 -0.199738 -0.281127 -0.342643 -0.612577  0.712355  \n",
       "age     -0.756589  0.430321  0.471670  0.240841  0.571051 -0.340479  \n",
       "dis      1.000000 -0.483329 -0.523577 -0.217588 -0.494921  0.233617  \n",
       "rad     -0.483329  1.000000  0.912527  0.472257  0.480301 -0.389827  \n",
       "tax     -0.523577  0.912527  1.000000  0.444836  0.530632 -0.462698  \n",
       "ptratio -0.217588  0.472257  0.444836  1.000000  0.360167 -0.488105  \n",
       "lstat   -0.494921  0.480301  0.530632  0.360167  1.000000 -0.740217  \n",
       "mv       0.233617 -0.389827 -0.462698 -0.488105 -0.740217  1.000000  "
      ]
     },
     "execution_count": 11,
     "metadata": {},
     "output_type": "execute_result"
    }
   ],
   "source": [
    "train_set.corr()"
   ]
  },
  {
   "cell_type": "code",
   "execution_count": 12,
   "metadata": {
    "ExecuteTime": {
     "end_time": "2020-09-28T01:12:44.343305Z",
     "start_time": "2020-09-28T01:12:41.478498Z"
    }
   },
   "outputs": [
    {
     "name": "stdout",
     "output_type": "stream",
     "text": [
      "\n",
      "Histogram of Data of Boston DataFrame:\n"
     ]
    },
    {
     "data": {
